DELL DELL_c25_0.wcnf
	Output: c Implicit hitting set based approach to MBD with multiple observations
c author(s):      Alexey Ignatiev     [email:aignatiev@ciencias.ulisboa.pt]
c contributor(s): Joao Marques-Silva  [email:jpms@ciencias.ulisboa.pt]
c contributor(s): Antonio Morgado     [email:ajmorgado@ciencias.ulisboa.pt]
c contributor(s): Georg Weissenbacher [email:georg.weissenbacher@tuwien.ac.at]
c 
c # of system cls: 244
c # of components: 243
c # of observations: 25
c # of failures: 5
c D: 9 10 11 13 14 66 87 0
c D: 10 11 13 14 22 66 87 0
c D: 10 11 13 14 66 87 144 0
c D: 10 11 13 14 66 87 170 0
c D: 10 11 13 14 66 87 151 159 0
c D: 10 11 13 14 66 87 243 0
c D: 10 11 13 14 66 87 232 0
c D: 10 11 13 14 66 87 191 0
c D: 10 11 13 14 66 191 210 0
c D: 10 11 13 14 66 191 209 0
c D: 10 11 13 14 66 191 207 0
c D: 10 11 13 14 66 191 205 0
c D: 9 10 11 13 14 66 205 0
c D: 10 11 13 14 22 66 205 0
c D: 10 11 13 14 66 144 205 0
c D: 10 11 13 14 66 170 205 0
c D: 10 11 13 14 66 205 232 0
c D: 10 11 13 14 66 205 243 0
c D: 10 11 13 14 66 207 243 0
c D: 10 11 13 14 66 207 232 0
c D: 10 11 13 14 66 209 232 0
c D: 10 11 13 14 66 210 232 0
c D: 9 10 11 13 14 66 207 0
c D: 10 11 13 14 22 66 207 0
c D: 10 11 13 14 66 144 207 0
c D: 10 11 13 14 66 170 207 0
c D: 10 11 13 14 66 170 209 0
c D: 10 11 13 14 66 209 243 0
c D: 10 11 13 14 66 144 209 0
c D: 10 11 13 14 22 66 209 0
c D: 10 11 13 14 22 66 210 0
c D: 9 10 11 13 14 66 209 0
c D: 10 11 13 14 66 151 159 209 0
c D: 10 11 13 14 66 151 159 205 0
c D: 10 11 13 14 66 151 159 207 0
c D: 10 11 13 14 66 151 159 210 0
c D: 10 11 13 14 66 144 210 0
c D: 10 11 13 14 66 210 243 0
c D: 10 11 13 14 66 170 210 0
c D: 9 10 11 13 14 66 210 0
c # of iters: 48
c # of diags: 40
c # of expls: 8

	Time: 6.396770477294922 ms
DELL DELL_c25_0.wcnf
	Output: c Implicit hitting set based approach to MBD with multiple observations
c author(s):      Alexey Ignatiev     [email:aignatiev@ciencias.ulisboa.pt]
c contributor(s): Joao Marques-Silva  [email:jpms@ciencias.ulisboa.pt]
c contributor(s): Antonio Morgado     [email:ajmorgado@ciencias.ulisboa.pt]
c contributor(s): Georg Weissenbacher [email:georg.weissenbacher@tuwien.ac.at]
c 
c # of system cls: 244
c # of components: 243
c # of observations: 25
c # of failures: 5
c D: 9 10 11 13 14 66 87 0
c D: 10 11 13 14 22 66 87 0
c D: 10 11 13 14 66 87 144 0
c D: 10 11 13 14 66 87 170 0
c D: 10 11 13 14 66 87 151 159 0
c D: 10 11 13 14 66 87 243 0
c D: 10 11 13 14 66 87 232 0
c D: 10 11 13 14 66 87 191 0
c D: 10 11 13 14 66 191 210 0
c D: 10 11 13 14 66 191 209 0
c D: 10 11 13 14 66 191 207 0
c D: 10 11 13 14 66 191 205 0
c D: 9 10 11 13 14 66 205 0
c D: 10 11 13 14 22 66 205 0
c D: 10 11 13 14 66 144 205 0
c D: 10 11 13 14 66 170 205 0
c D: 10 11 13 14 66 205 232 0
c D: 10 11 13 14 66 205 243 0
c D: 10 11 13 14 66 207 243 0
c D: 10 11 13 14 66 207 232 0
c D: 10 11 13 14 66 209 232 0
c D: 10 11 13 14 66 210 232 0
c D: 9 10 11 13 14 66 207 0
c D: 10 11 13 14 22 66 207 0
c D: 10 11 13 14 66 144 207 0
c D: 10 11 13 14 66 170 207 0
c D: 10 11 13 14 66 170 209 0
c D: 10 11 13 14 66 209 243 0
c D: 10 11 13 14 66 144 209 0
c D: 10 11 13 14 22 66 209 0
c D: 10 11 13 14 22 66 210 0
c D: 9 10 11 13 14 66 209 0
c D: 10 11 13 14 66 151 159 209 0
c D: 10 11 13 14 66 151 159 205 0
c D: 10 11 13 14 66 151 159 207 0
c D: 10 11 13 14 66 151 159 210 0
c D: 10 11 13 14 66 144 210 0
c D: 10 11 13 14 66 210 243 0
c D: 10 11 13 14 66 170 210 0
c D: 9 10 11 13 14 66 210 0
c # of iters: 48
c # of diags: 40
c # of expls: 8

	Time: 5.957841873168945 ms
DELL DELL_c25_0.wcnf
	Output: c Implicit hitting set based approach to MBD with multiple observations
c author(s):      Alexey Ignatiev     [email:aignatiev@ciencias.ulisboa.pt]
c contributor(s): Joao Marques-Silva  [email:jpms@ciencias.ulisboa.pt]
c contributor(s): Antonio Morgado     [email:ajmorgado@ciencias.ulisboa.pt]
c contributor(s): Georg Weissenbacher [email:georg.weissenbacher@tuwien.ac.at]
c 
c # of system cls: 244
c # of components: 243
c # of observations: 25
c # of failures: 5
c D: 9 10 11 13 14 66 87 0
c D: 10 11 13 14 22 66 87 0
c D: 10 11 13 14 66 87 144 0
c D: 10 11 13 14 66 87 170 0
c D: 10 11 13 14 66 87 151 159 0
c D: 10 11 13 14 66 87 243 0
c D: 10 11 13 14 66 87 232 0
c D: 10 11 13 14 66 87 191 0
c D: 10 11 13 14 66 191 210 0
c D: 10 11 13 14 66 191 209 0
c D: 10 11 13 14 66 191 207 0
c D: 10 11 13 14 66 191 205 0
c D: 9 10 11 13 14 66 205 0
c D: 10 11 13 14 22 66 205 0
c D: 10 11 13 14 66 144 205 0
c D: 10 11 13 14 66 170 205 0
c D: 10 11 13 14 66 205 232 0
c D: 10 11 13 14 66 205 243 0
c D: 10 11 13 14 66 207 243 0
c D: 10 11 13 14 66 207 232 0
c D: 10 11 13 14 66 209 232 0
c D: 10 11 13 14 66 210 232 0
c D: 9 10 11 13 14 66 207 0
c D: 10 11 13 14 22 66 207 0
c D: 10 11 13 14 66 144 207 0
c D: 10 11 13 14 66 170 207 0
c D: 10 11 13 14 66 170 209 0
c D: 10 11 13 14 66 209 243 0
c D: 10 11 13 14 66 144 209 0
c D: 10 11 13 14 22 66 209 0
c D: 10 11 13 14 22 66 210 0
c D: 9 10 11 13 14 66 209 0
c D: 10 11 13 14 66 151 159 209 0
c D: 10 11 13 14 66 151 159 205 0
c D: 10 11 13 14 66 151 159 207 0
c D: 10 11 13 14 66 151 159 210 0
c D: 10 11 13 14 66 144 210 0
c D: 10 11 13 14 66 210 243 0
c D: 10 11 13 14 66 170 210 0
c D: 9 10 11 13 14 66 210 0
c # of iters: 48
c # of diags: 40
c # of expls: 8

	Time: 5.995035171508789 ms
	Average Time: 6.116549173990886 ms

Averages
	DELL_c25_0.wcnf: 6.116549173990886 ms
DELL DELL_c25_0.wcnf
	Output: c # of failures: 5
c D: 9 10 11 13 14 66 87 0
c D: 10 11 13 14 22 66 87 0
c D: 10 11 13 14 66 87 144 0
c D: 10 11 13 14 66 87 170 0
c D: 10 11 13 14 66 87 151 159 0
c D: 10 11 13 14 66 87 243 0
c D: 10 11 13 14 66 87 232 0
c D: 10 11 13 14 66 87 191 0
c D: 10 11 13 14 66 191 210 0
c D: 10 11 13 14 66 191 209 0
c D: 10 11 13 14 66 191 207 0
c D: 10 11 13 14 66 191 205 0
c D: 9 10 11 13 14 66 205 0
c D: 10 11 13 14 22 66 205 0
c D: 10 11 13 14 66 144 205 0
c D: 10 11 13 14 66 170 205 0
c D: 10 11 13 14 66 205 232 0
c D: 10 11 13 14 66 205 243 0
c D: 10 11 13 14 66 207 243 0
c D: 10 11 13 14 66 207 232 0
c D: 10 11 13 14 66 209 232 0
c D: 10 11 13 14 66 210 232 0
c D: 9 10 11 13 14 66 207 0
c D: 10 11 13 14 22 66 207 0
c D: 10 11 13 14 66 144 207 0
c D: 10 11 13 14 66 170 207 0
c D: 10 11 13 14 66 170 209 0
c D: 10 11 13 14 66 209 243 0
c D: 10 11 13 14 66 144 209 0
c D: 10 11 13 14 22 66 209 0
c D: 10 11 13 14 22 66 210 0
c D: 9 10 11 13 14 66 209 0
c D: 10 11 13 14 66 151 159 209 0
c D: 10 11 13 14 66 151 159 205 0
c D: 10 11 13 14 66 151 159 207 0
c D: 10 11 13 14 66 151 159 210 0
c D: 10 11 13 14 66 144 210 0
c D: 10 11 13 14 66 210 243 0
c D: 10 11 13 14 66 170 210 0
c D: 9 10 11 13 14 66 210 0

	Time: 4.502058029174805 ms
DELL DELL_c25_0.wcnf
	Output: c # of failures: 5
c D: 9 10 11 13 14 66 87 0
c D: 10 11 13 14 22 66 87 0
c D: 10 11 13 14 66 87 144 0
c D: 10 11 13 14 66 87 170 0
c D: 10 11 13 14 66 87 151 159 0
c D: 10 11 13 14 66 87 243 0
c D: 10 11 13 14 66 87 232 0
c D: 10 11 13 14 66 87 191 0
c D: 10 11 13 14 66 191 210 0
c D: 10 11 13 14 66 191 209 0
c D: 10 11 13 14 66 191 207 0
c D: 10 11 13 14 66 191 205 0
c D: 9 10 11 13 14 66 205 0
c D: 10 11 13 14 22 66 205 0
c D: 10 11 13 14 66 144 205 0
c D: 10 11 13 14 66 170 205 0
c D: 10 11 13 14 66 205 232 0
c D: 10 11 13 14 66 205 243 0
c D: 10 11 13 14 66 207 243 0
c D: 10 11 13 14 66 207 232 0
c D: 10 11 13 14 66 209 232 0
c D: 10 11 13 14 66 210 232 0
c D: 9 10 11 13 14 66 207 0
c D: 10 11 13 14 22 66 207 0
c D: 10 11 13 14 66 144 207 0
c D: 10 11 13 14 66 170 207 0
c D: 10 11 13 14 66 170 209 0
c D: 10 11 13 14 66 209 243 0
c D: 10 11 13 14 66 144 209 0
c D: 10 11 13 14 22 66 209 0
c D: 10 11 13 14 22 66 210 0
c D: 9 10 11 13 14 66 209 0
c D: 10 11 13 14 66 151 159 209 0
c D: 10 11 13 14 66 151 159 205 0
c D: 10 11 13 14 66 151 159 207 0
c D: 10 11 13 14 66 151 159 210 0
c D: 10 11 13 14 66 144 210 0
c D: 10 11 13 14 66 210 243 0
c D: 10 11 13 14 66 170 210 0
c D: 9 10 11 13 14 66 210 0

	Time: 4.314899444580078 ms
DELL DELL_c25_0.wcnf
	Output: c # of failures: 5
c D: 9 10 11 13 14 66 87 0
c D: 10 11 13 14 22 66 87 0
c D: 10 11 13 14 66 87 144 0
c D: 10 11 13 14 66 87 170 0
c D: 10 11 13 14 66 87 151 159 0
c D: 10 11 13 14 66 87 243 0
c D: 10 11 13 14 66 87 232 0
c D: 10 11 13 14 66 87 191 0
c D: 10 11 13 14 66 191 210 0
c D: 10 11 13 14 66 191 209 0
c D: 10 11 13 14 66 191 207 0
c D: 10 11 13 14 66 191 205 0
c D: 9 10 11 13 14 66 205 0
c D: 10 11 13 14 22 66 205 0
c D: 10 11 13 14 66 144 205 0
c D: 10 11 13 14 66 170 205 0
c D: 10 11 13 14 66 205 232 0
c D: 10 11 13 14 66 205 243 0
c D: 10 11 13 14 66 207 243 0
c D: 10 11 13 14 66 207 232 0
c D: 10 11 13 14 66 209 232 0
c D: 10 11 13 14 66 210 232 0
c D: 9 10 11 13 14 66 207 0
c D: 10 11 13 14 22 66 207 0
c D: 10 11 13 14 66 144 207 0
c D: 10 11 13 14 66 170 207 0
c D: 10 11 13 14 66 170 209 0
c D: 10 11 13 14 66 209 243 0
c D: 10 11 13 14 66 144 209 0
c D: 10 11 13 14 22 66 209 0
c D: 10 11 13 14 22 66 210 0
c D: 9 10 11 13 14 66 209 0
c D: 10 11 13 14 66 151 159 209 0
c D: 10 11 13 14 66 151 159 205 0
c D: 10 11 13 14 66 151 159 207 0
c D: 10 11 13 14 66 151 159 210 0
c D: 10 11 13 14 66 144 210 0
c D: 10 11 13 14 66 210 243 0
c D: 10 11 13 14 66 170 210 0
c D: 9 10 11 13 14 66 210 0

	Time: 4.6138763427734375 ms
	Average Time: 4.47694460550944 ms

Averages
	DELL_c25_0.wcnf: 4.47694460550944 ms
DELL DELL_c25_0.wcnf
	Output: c # of failures: 5
c D: 9 10 11 13 14 66 87 0
c D: 10 11 13 14 22 66 87 0
c D: 10 11 13 14 66 87 144 0
c D: 10 11 13 14 66 87 170 0
c D: 10 11 13 14 66 87 151 159 0
c D: 10 11 13 14 66 87 243 0
c D: 10 11 13 14 66 87 232 0
c D: 10 11 13 14 66 87 191 0
c D: 10 11 13 14 66 191 210 0
c D: 10 11 13 14 66 191 209 0
c D: 10 11 13 14 66 191 207 0
c D: 10 11 13 14 66 191 205 0
c D: 9 10 11 13 14 66 205 0
c D: 10 11 13 14 22 66 205 0
c D: 10 11 13 14 66 144 205 0
c D: 10 11 13 14 66 170 205 0
c D: 10 11 13 14 66 205 232 0
c D: 10 11 13 14 66 205 243 0
c D: 10 11 13 14 66 207 243 0
c D: 10 11 13 14 66 207 232 0
c D: 10 11 13 14 66 209 232 0
c D: 10 11 13 14 66 210 232 0
c D: 9 10 11 13 14 66 207 0
c D: 10 11 13 14 22 66 207 0
c D: 10 11 13 14 66 144 207 0
c D: 10 11 13 14 66 170 207 0
c D: 10 11 13 14 66 170 209 0
c D: 10 11 13 14 66 209 243 0
c D: 10 11 13 14 66 144 209 0
c D: 10 11 13 14 22 66 209 0
c D: 10 11 13 14 22 66 210 0
c D: 9 10 11 13 14 66 209 0
c D: 10 11 13 14 66 151 159 209 0
c D: 10 11 13 14 66 151 159 205 0
c D: 10 11 13 14 66 151 159 207 0
c D: 10 11 13 14 66 151 159 210 0
c D: 10 11 13 14 66 144 210 0
c D: 10 11 13 14 66 210 243 0
c D: 10 11 13 14 66 170 210 0
c D: 9 10 11 13 14 66 210 0

	Time: 5.037069320678711 ms
DELL DELL_c25_0.wcnf
	Output: c # of failures: 5
c D: 9 10 11 13 14 66 87 0
c D: 10 11 13 14 22 66 87 0
c D: 10 11 13 14 66 87 144 0
c D: 10 11 13 14 66 87 170 0
c D: 10 11 13 14 66 87 151 159 0
c D: 10 11 13 14 66 87 243 0
c D: 10 11 13 14 66 87 232 0
c D: 10 11 13 14 66 87 191 0
c D: 10 11 13 14 66 191 210 0
c D: 10 11 13 14 66 191 209 0
c D: 10 11 13 14 66 191 207 0
c D: 10 11 13 14 66 191 205 0
c D: 9 10 11 13 14 66 205 0
c D: 10 11 13 14 22 66 205 0
c D: 10 11 13 14 66 144 205 0
c D: 10 11 13 14 66 170 205 0
c D: 10 11 13 14 66 205 232 0
c D: 10 11 13 14 66 205 243 0
c D: 10 11 13 14 66 207 243 0
c D: 10 11 13 14 66 207 232 0
c D: 10 11 13 14 66 209 232 0
c D: 10 11 13 14 66 210 232 0
c D: 9 10 11 13 14 66 207 0
c D: 10 11 13 14 22 66 207 0
c D: 10 11 13 14 66 144 207 0
c D: 10 11 13 14 66 170 207 0
c D: 10 11 13 14 66 170 209 0
c D: 10 11 13 14 66 209 243 0
c D: 10 11 13 14 66 144 209 0
c D: 10 11 13 14 22 66 209 0
c D: 10 11 13 14 22 66 210 0
c D: 9 10 11 13 14 66 209 0
c D: 10 11 13 14 66 151 159 209 0
c D: 10 11 13 14 66 151 159 205 0
c D: 10 11 13 14 66 151 159 207 0
c D: 10 11 13 14 66 151 159 210 0
c D: 10 11 13 14 66 144 210 0
c D: 10 11 13 14 66 210 243 0
c D: 10 11 13 14 66 170 210 0
c D: 9 10 11 13 14 66 210 0

	Time: 4.65703010559082 ms
DELL DELL_c25_0.wcnf
	Output: c # of failures: 5
c D: 9 10 11 13 14 66 87 0
c D: 10 11 13 14 22 66 87 0
c D: 10 11 13 14 66 87 144 0
c D: 10 11 13 14 66 87 170 0
c D: 10 11 13 14 66 87 151 159 0
c D: 10 11 13 14 66 87 243 0
c D: 10 11 13 14 66 87 232 0
c D: 10 11 13 14 66 87 191 0
c D: 10 11 13 14 66 191 210 0
c D: 10 11 13 14 66 191 209 0
c D: 10 11 13 14 66 191 207 0
c D: 10 11 13 14 66 191 205 0
c D: 9 10 11 13 14 66 205 0
c D: 10 11 13 14 22 66 205 0
c D: 10 11 13 14 66 144 205 0
c D: 10 11 13 14 66 170 205 0
c D: 10 11 13 14 66 205 232 0
c D: 10 11 13 14 66 205 243 0
c D: 10 11 13 14 66 207 243 0
c D: 10 11 13 14 66 207 232 0
c D: 10 11 13 14 66 209 232 0
c D: 10 11 13 14 66 210 232 0
c D: 9 10 11 13 14 66 207 0
c D: 10 11 13 14 22 66 207 0
c D: 10 11 13 14 66 144 207 0
c D: 10 11 13 14 66 170 207 0
c D: 10 11 13 14 66 170 209 0
c D: 10 11 13 14 66 209 243 0
c D: 10 11 13 14 66 144 209 0
c D: 10 11 13 14 22 66 209 0
c D: 10 11 13 14 22 66 210 0
c D: 9 10 11 13 14 66 209 0
c D: 10 11 13 14 66 151 159 209 0
c D: 10 11 13 14 66 151 159 205 0
c D: 10 11 13 14 66 151 159 207 0
c D: 10 11 13 14 66 151 159 210 0
c D: 10 11 13 14 66 144 210 0
c D: 10 11 13 14 66 210 243 0
c D: 10 11 13 14 66 170 210 0
c D: 9 10 11 13 14 66 210 0

	Time: 4.658937454223633 ms
	Average Time: 4.784345626831055 ms

Averages
	DELL_c25_0.wcnf: 4.784345626831055 ms
DELL DELL_c25_0.wcnf
	Output: c # of failures: 5
c D: 9 10 11 13 14 66 87 0
c D: 10 11 13 14 22 66 87 0
c D: 10 11 13 14 66 87 144 0
c D: 10 11 13 14 66 87 170 0
c D: 10 11 13 14 66 87 151 159 0
c D: 10 11 13 14 66 87 243 0
c D: 10 11 13 14 66 87 232 0
c D: 10 11 13 14 66 87 191 0
c D: 10 11 13 14 66 191 210 0
c D: 10 11 13 14 66 191 209 0
c D: 10 11 13 14 66 191 207 0
c D: 10 11 13 14 66 191 205 0
c D: 9 10 11 13 14 66 205 0
c D: 10 11 13 14 22 66 205 0
c D: 10 11 13 14 66 144 205 0
c D: 10 11 13 14 66 170 205 0
c D: 10 11 13 14 66 205 232 0
c D: 10 11 13 14 66 205 243 0
c D: 10 11 13 14 66 207 243 0
c D: 10 11 13 14 66 207 232 0
c D: 10 11 13 14 66 209 232 0
c D: 10 11 13 14 66 210 232 0
c D: 9 10 11 13 14 66 207 0
c D: 10 11 13 14 22 66 207 0
c D: 10 11 13 14 66 144 207 0
c D: 10 11 13 14 66 170 207 0
c D: 10 11 13 14 66 170 209 0
c D: 10 11 13 14 66 209 243 0
c D: 10 11 13 14 66 144 209 0
c D: 10 11 13 14 22 66 209 0
c D: 10 11 13 14 22 66 210 0
c D: 9 10 11 13 14 66 209 0
c D: 10 11 13 14 66 151 159 209 0
c D: 10 11 13 14 66 151 159 205 0
c D: 10 11 13 14 66 151 159 207 0
c D: 10 11 13 14 66 151 159 210 0
c D: 10 11 13 14 66 144 210 0
c D: 10 11 13 14 66 210 243 0
c D: 10 11 13 14 66 170 210 0
c D: 9 10 11 13 14 66 210 0

	Time: 6.222009658813477 ms
DELL DELL_c25_0.wcnf
	Output: c # of failures: 5
c D: 9 10 11 13 14 66 87 0
c D: 10 11 13 14 22 66 87 0
c D: 10 11 13 14 66 87 144 0
c D: 10 11 13 14 66 87 170 0
c D: 10 11 13 14 66 87 151 159 0
c D: 10 11 13 14 66 87 243 0
c D: 10 11 13 14 66 87 232 0
c D: 10 11 13 14 66 87 191 0
c D: 10 11 13 14 66 191 210 0
c D: 10 11 13 14 66 191 209 0
c D: 10 11 13 14 66 191 207 0
c D: 10 11 13 14 66 191 205 0
c D: 9 10 11 13 14 66 205 0
c D: 10 11 13 14 22 66 205 0
c D: 10 11 13 14 66 144 205 0
c D: 10 11 13 14 66 170 205 0
c D: 10 11 13 14 66 205 232 0
c D: 10 11 13 14 66 205 243 0
c D: 10 11 13 14 66 207 243 0
c D: 10 11 13 14 66 207 232 0
c D: 10 11 13 14 66 209 232 0
c D: 10 11 13 14 66 210 232 0
c D: 9 10 11 13 14 66 207 0
c D: 10 11 13 14 22 66 207 0
c D: 10 11 13 14 66 144 207 0
c D: 10 11 13 14 66 170 207 0
c D: 10 11 13 14 66 170 209 0
c D: 10 11 13 14 66 209 243 0
c D: 10 11 13 14 66 144 209 0
c D: 10 11 13 14 22 66 209 0
c D: 10 11 13 14 22 66 210 0
c D: 9 10 11 13 14 66 209 0
c D: 10 11 13 14 66 151 159 209 0
c D: 10 11 13 14 66 151 159 205 0
c D: 10 11 13 14 66 151 159 207 0
c D: 10 11 13 14 66 151 159 210 0
c D: 10 11 13 14 66 144 210 0
c D: 10 11 13 14 66 210 243 0
c D: 10 11 13 14 66 170 210 0
c D: 9 10 11 13 14 66 210 0

	Time: 6.519794464111328 ms
DELL DELL_c25_0.wcnf
	Output: c # of failures: 5
c D: 9 10 11 13 14 66 87 0
c D: 10 11 13 14 22 66 87 0
c D: 10 11 13 14 66 87 144 0
c D: 10 11 13 14 66 87 170 0
c D: 10 11 13 14 66 87 151 159 0
c D: 10 11 13 14 66 87 243 0
c D: 10 11 13 14 66 87 232 0
c D: 10 11 13 14 66 87 191 0
c D: 10 11 13 14 66 191 210 0
c D: 10 11 13 14 66 191 209 0
c D: 10 11 13 14 66 191 207 0
c D: 10 11 13 14 66 191 205 0
c D: 9 10 11 13 14 66 205 0
c D: 10 11 13 14 22 66 205 0
c D: 10 11 13 14 66 144 205 0
c D: 10 11 13 14 66 170 205 0
c D: 10 11 13 14 66 205 232 0
c D: 10 11 13 14 66 205 243 0
c D: 10 11 13 14 66 207 243 0
c D: 10 11 13 14 66 207 232 0
c D: 10 11 13 14 66 209 232 0
c D: 10 11 13 14 66 210 232 0
c D: 9 10 11 13 14 66 207 0
c D: 10 11 13 14 22 66 207 0
c D: 10 11 13 14 66 144 207 0
c D: 10 11 13 14 66 170 207 0
c D: 10 11 13 14 66 170 209 0
c D: 10 11 13 14 66 209 243 0
c D: 10 11 13 14 66 144 209 0
c D: 10 11 13 14 22 66 209 0
c D: 10 11 13 14 22 66 210 0
c D: 9 10 11 13 14 66 209 0
c D: 10 11 13 14 66 151 159 209 0
c D: 10 11 13 14 66 151 159 205 0
c D: 10 11 13 14 66 151 159 207 0
c D: 10 11 13 14 66 151 159 210 0
c D: 10 11 13 14 66 144 210 0
c D: 10 11 13 14 66 210 243 0
c D: 10 11 13 14 66 170 210 0
c D: 9 10 11 13 14 66 210 0

	Time: 6.114959716796875 ms
	Average Time: 6.2855879465738935 ms

Averages
	DELL_c25_0.wcnf: 6.2855879465738935 ms
['hsd/hsd', '-e', 'all', '-c', 'scenarios_wcnf/DELL_c25_0.wcnf']
DELL DELL_c25_0.wcnf
	Output: c # of failures: 5
c D: 9 10 11 13 14 66 87 0
c D: 10 11 13 14 22 66 87 0
c D: 10 11 13 14 66 87 144 0
c D: 10 11 13 14 66 87 170 0
c D: 10 11 13 14 66 87 151 159 0
c D: 10 11 13 14 66 87 243 0
c D: 10 11 13 14 66 87 232 0
c D: 10 11 13 14 66 87 191 0
c D: 10 11 13 14 66 191 210 0
c D: 10 11 13 14 66 191 209 0
c D: 10 11 13 14 66 191 207 0
c D: 10 11 13 14 66 191 205 0
c D: 9 10 11 13 14 66 205 0
c D: 10 11 13 14 22 66 205 0
c D: 10 11 13 14 66 144 205 0
c D: 10 11 13 14 66 170 205 0
c D: 10 11 13 14 66 205 232 0
c D: 10 11 13 14 66 205 243 0
c D: 10 11 13 14 66 207 243 0
c D: 10 11 13 14 66 207 232 0
c D: 10 11 13 14 66 209 232 0
c D: 10 11 13 14 66 210 232 0
c D: 9 10 11 13 14 66 207 0
c D: 10 11 13 14 22 66 207 0
c D: 10 11 13 14 66 144 207 0
c D: 10 11 13 14 66 170 207 0
c D: 10 11 13 14 66 170 209 0
c D: 10 11 13 14 66 209 243 0
c D: 10 11 13 14 66 144 209 0
c D: 10 11 13 14 22 66 209 0
c D: 10 11 13 14 22 66 210 0
c D: 9 10 11 13 14 66 209 0
c D: 10 11 13 14 66 151 159 209 0
c D: 10 11 13 14 66 151 159 205 0
c D: 10 11 13 14 66 151 159 207 0
c D: 10 11 13 14 66 151 159 210 0
c D: 10 11 13 14 66 144 210 0
c D: 10 11 13 14 66 210 243 0
c D: 10 11 13 14 66 170 210 0
c D: 9 10 11 13 14 66 210 0

	Time: 6.023883819580078 ms
['hsd/hsd', '-e', 'all', '-c', 'scenarios_wcnf/DELL_c25_0.wcnf']
DELL DELL_c25_0.wcnf
	Output: c # of failures: 5
c D: 9 10 11 13 14 66 87 0
c D: 10 11 13 14 22 66 87 0
c D: 10 11 13 14 66 87 144 0
c D: 10 11 13 14 66 87 170 0
c D: 10 11 13 14 66 87 151 159 0
c D: 10 11 13 14 66 87 243 0
c D: 10 11 13 14 66 87 232 0
c D: 10 11 13 14 66 87 191 0
c D: 10 11 13 14 66 191 210 0
c D: 10 11 13 14 66 191 209 0
c D: 10 11 13 14 66 191 207 0
c D: 10 11 13 14 66 191 205 0
c D: 9 10 11 13 14 66 205 0
c D: 10 11 13 14 22 66 205 0
c D: 10 11 13 14 66 144 205 0
c D: 10 11 13 14 66 170 205 0
c D: 10 11 13 14 66 205 232 0
c D: 10 11 13 14 66 205 243 0
c D: 10 11 13 14 66 207 243 0
c D: 10 11 13 14 66 207 232 0
c D: 10 11 13 14 66 209 232 0
c D: 10 11 13 14 66 210 232 0
c D: 9 10 11 13 14 66 207 0
c D: 10 11 13 14 22 66 207 0
c D: 10 11 13 14 66 144 207 0
c D: 10 11 13 14 66 170 207 0
c D: 10 11 13 14 66 170 209 0
c D: 10 11 13 14 66 209 243 0
c D: 10 11 13 14 66 144 209 0
c D: 10 11 13 14 22 66 209 0
c D: 10 11 13 14 22 66 210 0
c D: 9 10 11 13 14 66 209 0
c D: 10 11 13 14 66 151 159 209 0
c D: 10 11 13 14 66 151 159 205 0
c D: 10 11 13 14 66 151 159 207 0
c D: 10 11 13 14 66 151 159 210 0
c D: 10 11 13 14 66 144 210 0
c D: 10 11 13 14 66 210 243 0
c D: 10 11 13 14 66 170 210 0
c D: 9 10 11 13 14 66 210 0

	Time: 5.740165710449219 ms
['hsd/hsd', '-e', 'all', '-c', 'scenarios_wcnf/DELL_c25_0.wcnf']
DELL DELL_c25_0.wcnf
	Output: c # of failures: 5
c D: 9 10 11 13 14 66 87 0
c D: 10 11 13 14 22 66 87 0
c D: 10 11 13 14 66 87 144 0
c D: 10 11 13 14 66 87 170 0
c D: 10 11 13 14 66 87 151 159 0
c D: 10 11 13 14 66 87 243 0
c D: 10 11 13 14 66 87 232 0
c D: 10 11 13 14 66 87 191 0
c D: 10 11 13 14 66 191 210 0
c D: 10 11 13 14 66 191 209 0
c D: 10 11 13 14 66 191 207 0
c D: 10 11 13 14 66 191 205 0
c D: 9 10 11 13 14 66 205 0
c D: 10 11 13 14 22 66 205 0
c D: 10 11 13 14 66 144 205 0
c D: 10 11 13 14 66 170 205 0
c D: 10 11 13 14 66 205 232 0
c D: 10 11 13 14 66 205 243 0
c D: 10 11 13 14 66 207 243 0
c D: 10 11 13 14 66 207 232 0
c D: 10 11 13 14 66 209 232 0
c D: 10 11 13 14 66 210 232 0
c D: 9 10 11 13 14 66 207 0
c D: 10 11 13 14 22 66 207 0
c D: 10 11 13 14 66 144 207 0
c D: 10 11 13 14 66 170 207 0
c D: 10 11 13 14 66 170 209 0
c D: 10 11 13 14 66 209 243 0
c D: 10 11 13 14 66 144 209 0
c D: 10 11 13 14 22 66 209 0
c D: 10 11 13 14 22 66 210 0
c D: 9 10 11 13 14 66 209 0
c D: 10 11 13 14 66 151 159 209 0
c D: 10 11 13 14 66 151 159 205 0
c D: 10 11 13 14 66 151 159 207 0
c D: 10 11 13 14 66 151 159 210 0
c D: 10 11 13 14 66 144 210 0
c D: 10 11 13 14 66 210 243 0
c D: 10 11 13 14 66 170 210 0
c D: 9 10 11 13 14 66 210 0

	Time: 5.627870559692383 ms
	Average Time: 5.7973066965738935 ms

Averages
	DELL_c25_0.wcnf: 5.7973066965738935 ms
['hsd/hsd', '-e', 'all', '-c', '-s', 'scenarios_wcnf/DELL_c25_0.wcnf']
DELL DELL_c25_0.wcnf
	Output: c # of failures: 5
s OPTIMUM FOUND
o 7
c D: 10 11 13 14 66 205 232 0
c D: 10 11 13 14 66 207 232 0
c D: 10 11 13 14 66 207 243 0
c D: 10 11 13 14 66 144 207 0
c D: 10 11 13 14 66 170 207 0
c D: 10 11 13 14 66 170 205 0
c D: 10 11 13 14 66 170 209 0
c D: 10 11 13 14 66 87 170 0
c D: 10 11 13 14 66 170 210 0
c D: 10 11 13 14 66 191 210 0
c D: 10 11 13 14 66 191 205 0
c D: 9 10 11 13 14 66 205 0
c D: 10 11 13 14 22 66 205 0
c D: 10 11 13 14 66 205 243 0
c D: 10 11 13 14 66 87 243 0
c D: 10 11 13 14 66 87 232 0
c D: 10 11 13 14 66 210 232 0
c D: 10 11 13 14 66 210 243 0
c D: 10 11 13 14 66 209 243 0
c D: 10 11 13 14 66 209 232 0
c D: 10 11 13 14 66 191 209 0
c D: 10 11 13 14 66 87 191 0
c D: 10 11 13 14 66 191 207 0
c D: 10 11 13 14 22 66 207 0
c D: 10 11 13 14 22 66 87 0
c D: 10 11 13 14 22 66 209 0
c D: 10 11 13 14 22 66 210 0
c D: 9 10 11 13 14 66 210 0
c D: 9 10 11 13 14 66 209 0
c D: 9 10 11 13 14 66 207 0
c D: 9 10 11 13 14 66 87 0
c D: 10 11 13 14 66 87 144 0
c D: 10 11 13 14 66 144 205 0
c D: 10 11 13 14 66 144 210 0
c D: 10 11 13 14 66 144 209 0
c D: 10 11 13 14 66 151 159 209 0
c D: 10 11 13 14 66 151 159 210 0
c D: 10 11 13 14 66 151 159 207 0
c D: 10 11 13 14 66 151 159 205 0
c D: 10 11 13 14 66 87 151 159 0

	Time: 6.258964538574219 ms
['hsd/hsd', '-e', 'all', '-c', '-s', 'scenarios_wcnf/DELL_c25_0.wcnf']
DELL DELL_c25_0.wcnf
	Output: c # of failures: 5
s OPTIMUM FOUND
o 7
c D: 10 11 13 14 66 205 232 0
c D: 10 11 13 14 66 207 232 0
c D: 10 11 13 14 66 207 243 0
c D: 10 11 13 14 66 144 207 0
c D: 10 11 13 14 66 170 207 0
c D: 10 11 13 14 66 170 205 0
c D: 10 11 13 14 66 170 209 0
c D: 10 11 13 14 66 87 170 0
c D: 10 11 13 14 66 170 210 0
c D: 10 11 13 14 66 191 210 0
c D: 10 11 13 14 66 191 205 0
c D: 9 10 11 13 14 66 205 0
c D: 10 11 13 14 22 66 205 0
c D: 10 11 13 14 66 205 243 0
c D: 10 11 13 14 66 87 243 0
c D: 10 11 13 14 66 87 232 0
c D: 10 11 13 14 66 210 232 0
c D: 10 11 13 14 66 210 243 0
c D: 10 11 13 14 66 209 243 0
c D: 10 11 13 14 66 209 232 0
c D: 10 11 13 14 66 191 209 0
c D: 10 11 13 14 66 87 191 0
c D: 10 11 13 14 66 191 207 0
c D: 10 11 13 14 22 66 207 0
c D: 10 11 13 14 22 66 87 0
c D: 10 11 13 14 22 66 209 0
c D: 10 11 13 14 22 66 210 0
c D: 9 10 11 13 14 66 210 0
c D: 9 10 11 13 14 66 209 0
c D: 9 10 11 13 14 66 207 0
c D: 9 10 11 13 14 66 87 0
c D: 10 11 13 14 66 87 144 0
c D: 10 11 13 14 66 144 205 0
c D: 10 11 13 14 66 144 210 0
c D: 10 11 13 14 66 144 209 0
c D: 10 11 13 14 66 151 159 209 0
c D: 10 11 13 14 66 151 159 210 0
c D: 10 11 13 14 66 151 159 207 0
c D: 10 11 13 14 66 151 159 205 0
c D: 10 11 13 14 66 87 151 159 0

	Time: 6.059885025024414 ms
['hsd/hsd', '-e', 'all', '-c', '-s', 'scenarios_wcnf/DELL_c25_0.wcnf']
DELL DELL_c25_0.wcnf
	Output: c # of failures: 5
s OPTIMUM FOUND
o 7
c D: 10 11 13 14 66 205 232 0
c D: 10 11 13 14 66 207 232 0
c D: 10 11 13 14 66 207 243 0
c D: 10 11 13 14 66 144 207 0
c D: 10 11 13 14 66 170 207 0
c D: 10 11 13 14 66 170 205 0
c D: 10 11 13 14 66 170 209 0
c D: 10 11 13 14 66 87 170 0
c D: 10 11 13 14 66 170 210 0
c D: 10 11 13 14 66 191 210 0
c D: 10 11 13 14 66 191 205 0
c D: 9 10 11 13 14 66 205 0
c D: 10 11 13 14 22 66 205 0
c D: 10 11 13 14 66 205 243 0
c D: 10 11 13 14 66 87 243 0
c D: 10 11 13 14 66 87 232 0
c D: 10 11 13 14 66 210 232 0
c D: 10 11 13 14 66 210 243 0
c D: 10 11 13 14 66 209 243 0
c D: 10 11 13 14 66 209 232 0
c D: 10 11 13 14 66 191 209 0
c D: 10 11 13 14 66 87 191 0
c D: 10 11 13 14 66 191 207 0
c D: 10 11 13 14 22 66 207 0
c D: 10 11 13 14 22 66 87 0
c D: 10 11 13 14 22 66 209 0
c D: 10 11 13 14 22 66 210 0
c D: 9 10 11 13 14 66 210 0
c D: 9 10 11 13 14 66 209 0
c D: 9 10 11 13 14 66 207 0
c D: 9 10 11 13 14 66 87 0
c D: 10 11 13 14 66 87 144 0
c D: 10 11 13 14 66 144 205 0
c D: 10 11 13 14 66 144 210 0
c D: 10 11 13 14 66 144 209 0
c D: 10 11 13 14 66 151 159 209 0
c D: 10 11 13 14 66 151 159 210 0
c D: 10 11 13 14 66 151 159 207 0
c D: 10 11 13 14 66 151 159 205 0
c D: 10 11 13 14 66 87 151 159 0

	Time: 6.025791168212891 ms
	Average Time: 6.114880243937175 ms

Averages
	DELL_c25_0.wcnf: 6.114880243937175 ms
['hsd/hsd', '-e', 'all', '-c', '-s', '-v', 'scenarios_wcnf/DELL_c25_0.wcnf']
DELL DELL_c25_0.wcnf
	Output: c Implicit hitting set based approach to MBD with multiple observations
c author(s):      Alexey Ignatiev     [email:aignatiev@ciencias.ulisboa.pt]
c contributor(s): Joao Marques-Silva  [email:jpms@ciencias.ulisboa.pt]
c contributor(s): Antonio Morgado     [email:ajmorgado@ciencias.ulisboa.pt]
c contributor(s): Georg Weissenbacher [email:georg.weissenbacher@tuwien.ac.at]
c 
c # of system cls: 244
c # of components: 243
c # of observations: 25
c # of failures: 5
c cost: 1; iters: 1
c cost: 2; iters: 2
c cost: 3; iters: 3
c cost: 4; iters: 4
c cost: 5; iters: 5
c cost: 6; iters: 6
c cost: 7; iters: 7
s OPTIMUM FOUND
o 7
c D: 10 11 13 14 66 205 232 0
c D: 10 11 13 14 66 207 232 0
c D: 10 11 13 14 66 207 243 0
c D: 10 11 13 14 66 144 207 0
c D: 10 11 13 14 66 170 207 0
c D: 10 11 13 14 66 170 205 0
c D: 10 11 13 14 66 170 209 0
c D: 10 11 13 14 66 87 170 0
c D: 10 11 13 14 66 170 210 0
c D: 10 11 13 14 66 191 210 0
c D: 10 11 13 14 66 191 205 0
c D: 9 10 11 13 14 66 205 0
c D: 10 11 13 14 22 66 205 0
c D: 10 11 13 14 66 205 243 0
c D: 10 11 13 14 66 87 243 0
c D: 10 11 13 14 66 87 232 0
c D: 10 11 13 14 66 210 232 0
c D: 10 11 13 14 66 210 243 0
c D: 10 11 13 14 66 209 243 0
c D: 10 11 13 14 66 209 232 0
c D: 10 11 13 14 66 191 209 0
c D: 10 11 13 14 66 87 191 0
c D: 10 11 13 14 66 191 207 0
c D: 10 11 13 14 22 66 207 0
c D: 10 11 13 14 22 66 87 0
c D: 10 11 13 14 22 66 209 0
c D: 10 11 13 14 22 66 210 0
c D: 9 10 11 13 14 66 210 0
c D: 9 10 11 13 14 66 209 0
c D: 9 10 11 13 14 66 207 0
c D: 9 10 11 13 14 66 87 0
c D: 10 11 13 14 66 87 144 0
c D: 10 11 13 14 66 144 205 0
c D: 10 11 13 14 66 144 210 0
c D: 10 11 13 14 66 144 209 0
c cost: 8; iters: 43
c D: 10 11 13 14 66 151 159 209 0
c D: 10 11 13 14 66 151 159 210 0
c D: 10 11 13 14 66 151 159 207 0
c D: 10 11 13 14 66 151 159 205 0
c D: 10 11 13 14 66 87 151 159 0
c # of iters: 48
c # of diags: 40
c # of expls: 8

	Time: 5.946159362792969 ms
['hsd/hsd', '-e', 'all', '-c', '-s', '-v', 'scenarios_wcnf/DELL_c25_0.wcnf']
DELL DELL_c25_0.wcnf
	Output: c Implicit hitting set based approach to MBD with multiple observations
c author(s):      Alexey Ignatiev     [email:aignatiev@ciencias.ulisboa.pt]
c contributor(s): Joao Marques-Silva  [email:jpms@ciencias.ulisboa.pt]
c contributor(s): Antonio Morgado     [email:ajmorgado@ciencias.ulisboa.pt]
c contributor(s): Georg Weissenbacher [email:georg.weissenbacher@tuwien.ac.at]
c 
c # of system cls: 244
c # of components: 243
c # of observations: 25
c # of failures: 5
c cost: 1; iters: 1
c cost: 2; iters: 2
c cost: 3; iters: 3
c cost: 4; iters: 4
c cost: 5; iters: 5
c cost: 6; iters: 6
c cost: 7; iters: 7
s OPTIMUM FOUND
o 7
c D: 10 11 13 14 66 205 232 0
c D: 10 11 13 14 66 207 232 0
c D: 10 11 13 14 66 207 243 0
c D: 10 11 13 14 66 144 207 0
c D: 10 11 13 14 66 170 207 0
c D: 10 11 13 14 66 170 205 0
c D: 10 11 13 14 66 170 209 0
c D: 10 11 13 14 66 87 170 0
c D: 10 11 13 14 66 170 210 0
c D: 10 11 13 14 66 191 210 0
c D: 10 11 13 14 66 191 205 0
c D: 9 10 11 13 14 66 205 0
c D: 10 11 13 14 22 66 205 0
c D: 10 11 13 14 66 205 243 0
c D: 10 11 13 14 66 87 243 0
c D: 10 11 13 14 66 87 232 0
c D: 10 11 13 14 66 210 232 0
c D: 10 11 13 14 66 210 243 0
c D: 10 11 13 14 66 209 243 0
c D: 10 11 13 14 66 209 232 0
c D: 10 11 13 14 66 191 209 0
c D: 10 11 13 14 66 87 191 0
c D: 10 11 13 14 66 191 207 0
c D: 10 11 13 14 22 66 207 0
c D: 10 11 13 14 22 66 87 0
c D: 10 11 13 14 22 66 209 0
c D: 10 11 13 14 22 66 210 0
c D: 9 10 11 13 14 66 210 0
c D: 9 10 11 13 14 66 209 0
c D: 9 10 11 13 14 66 207 0
c D: 9 10 11 13 14 66 87 0
c D: 10 11 13 14 66 87 144 0
c D: 10 11 13 14 66 144 205 0
c D: 10 11 13 14 66 144 210 0
c D: 10 11 13 14 66 144 209 0
c cost: 8; iters: 43
c D: 10 11 13 14 66 151 159 209 0
c D: 10 11 13 14 66 151 159 210 0
c D: 10 11 13 14 66 151 159 207 0
c D: 10 11 13 14 66 151 159 205 0
c D: 10 11 13 14 66 87 151 159 0
c # of iters: 48
c # of diags: 40
c # of expls: 8

	Time: 6.081819534301758 ms
['hsd/hsd', '-e', 'all', '-c', '-s', '-v', 'scenarios_wcnf/DELL_c25_0.wcnf']
DELL DELL_c25_0.wcnf
	Output: c Implicit hitting set based approach to MBD with multiple observations
c author(s):      Alexey Ignatiev     [email:aignatiev@ciencias.ulisboa.pt]
c contributor(s): Joao Marques-Silva  [email:jpms@ciencias.ulisboa.pt]
c contributor(s): Antonio Morgado     [email:ajmorgado@ciencias.ulisboa.pt]
c contributor(s): Georg Weissenbacher [email:georg.weissenbacher@tuwien.ac.at]
c 
c # of system cls: 244
c # of components: 243
c # of observations: 25
c # of failures: 5
c cost: 1; iters: 1
c cost: 2; iters: 2
c cost: 3; iters: 3
c cost: 4; iters: 4
c cost: 5; iters: 5
c cost: 6; iters: 6
c cost: 7; iters: 7
s OPTIMUM FOUND
o 7
c D: 10 11 13 14 66 205 232 0
c D: 10 11 13 14 66 207 232 0
c D: 10 11 13 14 66 207 243 0
c D: 10 11 13 14 66 144 207 0
c D: 10 11 13 14 66 170 207 0
c D: 10 11 13 14 66 170 205 0
c D: 10 11 13 14 66 170 209 0
c D: 10 11 13 14 66 87 170 0
c D: 10 11 13 14 66 170 210 0
c D: 10 11 13 14 66 191 210 0
c D: 10 11 13 14 66 191 205 0
c D: 9 10 11 13 14 66 205 0
c D: 10 11 13 14 22 66 205 0
c D: 10 11 13 14 66 205 243 0
c D: 10 11 13 14 66 87 243 0
c D: 10 11 13 14 66 87 232 0
c D: 10 11 13 14 66 210 232 0
c D: 10 11 13 14 66 210 243 0
c D: 10 11 13 14 66 209 243 0
c D: 10 11 13 14 66 209 232 0
c D: 10 11 13 14 66 191 209 0
c D: 10 11 13 14 66 87 191 0
c D: 10 11 13 14 66 191 207 0
c D: 10 11 13 14 22 66 207 0
c D: 10 11 13 14 22 66 87 0
c D: 10 11 13 14 22 66 209 0
c D: 10 11 13 14 22 66 210 0
c D: 9 10 11 13 14 66 210 0
c D: 9 10 11 13 14 66 209 0
c D: 9 10 11 13 14 66 207 0
c D: 9 10 11 13 14 66 87 0
c D: 10 11 13 14 66 87 144 0
c D: 10 11 13 14 66 144 205 0
c D: 10 11 13 14 66 144 210 0
c D: 10 11 13 14 66 144 209 0
c cost: 8; iters: 43
c D: 10 11 13 14 66 151 159 209 0
c D: 10 11 13 14 66 151 159 210 0
c D: 10 11 13 14 66 151 159 207 0
c D: 10 11 13 14 66 151 159 205 0
c D: 10 11 13 14 66 87 151 159 0
c # of iters: 48
c # of diags: 40
c # of expls: 8

	Time: 5.850076675415039 ms
	Average Time: 5.959351857503255 ms

Averages
	DELL_c25_0.wcnf: 5.959351857503255 ms
